Multiple size <= 100
TEST 1 ARG:29 73 28 49 24 42 83 54 66 16 33 18 72 91 36 65 39 17 63 27 7 96 34 12 3 38 2 52 44 10 95 68 55 9 43 82 25 46 13 81 67 64 71 4 88 78 8 1 75 41 62 89 70 58 48 93 87 60 21 26 90 56 32 80 40 69 31 84 45 0 30 50 98 77 51 20 19 23 35 5 6 92 61 22 57 15 76 37 47 59 11 53 79 86 85 97 99 74 14 94 
TEST 2 ARG:22 92 41 14 73 25 57 90 6 63 53 5 28 78 40 83 43 58 2 11 74 68 81 9 67 21 70 98 76 52 39 65 23 71 4 7 46 36 45 62 15 93 51 49 99 77 31 34 69 72 50 86 3 97 47 60 12 94 79 30 59 96 75 24 80 19 16 44 48 64 0 29 55 66 37 18 88 20 42 91 87 61 85 82 35 1 17 32 38 56 84 89 8 54 27 26 33 10 13 95 
TEST 3 ARG:57 20 86 82 72 67 65 69 97 1 6 11 61 70 56 99 77 40 16 62 23 73 89 4 60 26 3 81 12 35 75 66 10 45 54 0 84 43 17 68 93 83 50 21 22 63 31 47 33 51 88 13 39 87 30 41 38 91 29 74 58 46 48 32 8 52 98 5 34 76 85 36 95 25 24 27 19 15 55 59 80 7 14 71 96 79 94 28 78 18 9 64 90 92 49 42 53 37 44 2 
TEST 4 ARG:67 84 94 37 17 82 43 92 48 83 40 10 15 19 39 24 44 69 52 5 51 87 31 91 33 4 68 55 90 73 30 60 80 64 42 71 20 29 23 45 97 3 8 41 56 86 25 76 6 95 96 63 57 72 18 85 65 9 98 58 61 32 66 1 35 28 53 54 88 47 79 7 11 81 59 77 75 27 78 99 50 34 21 89 26 49 12 14 38 0 22 16 13 93 70 36 2 62 74 46 
TEST 5 ARG:55 60 17 91 22 27 65 37 84 26 89 47 1 78 96 79 10 9 33 30 95 46 64 39 43 51 81 3 93 70 97 31 68 12 57 6 38 90 92 49 59 83 94 52 42 20 18 50 61 67 56 15 0 24 2 62 85 87 8 23 71 66 7 73 58 74 28 13 29 54 35 11 45 82 99 32 4 19 5 25 40 14 44 48 80 63 36 41 98 69 86 76 72 88 21 34 77 16 75 53 
TEST 6 ARG:43 51 6 37 72 62 55 13 33 10 49 29 69 81 53 52 14 93 4 60 3 79 59 23 83 56 73 9 54 99 15 68 96 44 89 32 70 77 87 31 16 34 97 85 24 80 58 19 75 47 2 71 64 88 95 86 11 98 39 63 35 45 76 18 30 94 22 36 67 50 92 0 1 90 12 27 78 38 28 74 48 5 25 21 46 57 41 40 84 20 66 82 65 8 7 61 91 17 42 26 
TEST 7 ARG:57 2 77 25 96 68 50 99 95 20 36 52 78 29 45 60 10 49 76 27 38 21 82 1 93 61 56 30 40 87 39 58 5 63 55 32 79 4 18 14 72 42 90 22 69 81 12 62 84 48 51 24 8 70 37 26 94 23 65 75 46 28 86 89 97 0 31 34 35 7 73 41 3 11 54 44 33 53 98 17 16 59 91 13 6 19 88 64 71 67 47 15 92 80 43 66 85 83 74 9 
TEST 8 ARG:2 18 36 85 19 80 95 26 22 14 98 58 15 40 45 34 52 3 0 66 24 84 97 73 69 59 51 81 7 17 71 29 70 28 9 96 12 76 72 93 23 49 78 32 42 62 44 75 89 64 10 41 90 94 50 16 63 6 91 13 87 1 61 68 39 77 88 48 11 54 56 38 33 79 55 4 74 27 21 67 92 53 43 83 46 35 37 5 25 8 20 65 47 82 30 57 60 31 99 86 
TEST 9 ARG:11 73 15 14 26 70 63 90 3 80 78 58 57 92 55 82 43 86 12 49 5 25 98 32 10 64 2 21 95 4 40 85 7 88 44 39 20 0 37 35 56 45 42 89 75 84 1 31 24 76 96 33 51 79 93 18 52 54 50 27 17 74 29 91 87 13 41 83 9 99 34 38 67 69 6 60 59 62 65 68 48 36 66 71 94 23 30 28 46 81 72 77 8 19 47 22 16 61 53 97 
TEST 10 ARG:95 0 53 68 1 89 2 6 71 30 54 12 52 63 80 56 50 20 74 98 96 29 90 88 58 69 19 83 32 8 72 45 48 67 62 87 24 70 21 11 66 5 93 16 92 64 15 10 81 86 55 34 46 77 40 79 61 51 99 38 27 23 35 75 82 84 26 44 37 73 59 14 9 94 97 49 39 3 57 28 4 47 7 13 76 91 60 33 17 18 22 43 85 25 42 41 36 65 31 78 
TEST 11 ARG:26 48 79 94 86 76 23 13 7 77 47 3 71 53 24 75 69 36 45 27 42 64 29 99 96 15 72 14 67 32 25 55 87 10 66 17 91 52 58 89 43 19 81 56 59 78 28 4 65 12 30 31 6 63 68 2 51 84 22 60 85 80 46 54 5 37 73 9 97 34 16 20 1 33 49 93 88 90 98 83 70 57 74 18 0 41 61 39 38 40 35 44 95 21 8 82 50 92 11 62 
TEST 12 ARG:0 28 49 56 41 6 3 97 32 67 88 66 55 65 40 60 23 64 1 11 54 45 4 80 37 82 38 10 26 72 85 25 94 18 59 68 31 69 7 16 95 92 53 73 48 89 62 51 50 75 93 15 91 17 9 57 79 52 78 19 5 21 86 96 42 58 63 36 87 47 29 98 20 70 83 24 84 77 35 43 2 34 90 61 44 33 13 30 74 76 99 27 71 46 22 8 81 39 12 14 
